1 1 1 1 1 1 1 1 1 1 1 1 1 1 1 1 1 1 1 1 
1 1 1 1 1 1 1 1 1 1 1 1 1 1 1 1 1 1 1 1 
1 1 1 1 1 1 1 1 1 1 1 1 1 1 1 1 1 1 1 1 
1 1 1 1 1 1 18 18 18 18 18 18 1 1 1 1 1 1 1 1 
1 1 1 1 1 1 18 18 18 18 18 18 1 1 1 1 1 1 1 1 
1 1 1 1 1 1 18 18 18 18 18 18 1 1 1 1 1 1 1 1 
1 1 1 1 1 1 18 18 18 18 18 18 1 1 1 1 1 1 1 1 
1 1 1 1 1 1 18 18 18 18 18 18 1 1 1 1 1 1 1 1 
1 1 1 1 1 1 18 18 18 18 18 18 1 1 1 1 1 1 1 1 
1 1 1 1 1 1 18 18 18 18 18 18 1 1 1 1 1 1 1 1 
1 1 1 1 1 1 18 18 18 18 18 18 1 1 1 1 1 1 1 1 
1 1 1 1 1 1 18 18 18 18 18 18 1 1 1 1 1 1 1 1 
1 1 1 1 1 1 18 18 18 18 18 18 1 1 1 1 1 1 1 1 
1 1 1 1 1 1 1 1 1 1 1 1 1 1 1 1 1 1 1 1 
1 1 1 1 1 1 1 1 1 1 1 1 1 1 1 1 1 1 1 1 
1 1 1 1 1 1 1 1 1 1 1 1 1 1 1 1 1 1 1 1 
1 1 1 1 12 12 12 12 12 12 12 12 12 12 1 1 1 1 1 1 
1 1 1 1 12 12 12 12 12 12 12 12 12 12 1 1 1 1 1 1 
1 1 1 1 12 12 12 12 12 12 12 12 12 12 1 1 1 1 1 1 
1 1 1 1 1 1 1 1 1 1 1 1 1 1 1 1 1 1 1 1 
